stmt s;
Select s such that Follows (15, s)
none
stmt s;
Select s such that Follows (s, 69)
68
stmt s;
Select s such that Follows* (23, s)
29, 34, 45, 46, 47, 54, 55, 59
stmt s;
Select s such that Follows* (s, 116)
113
procedure p;
Select p
Main, Init, Random, Transform, Shift, Shear, Move, Draw, Clear, Show, Enlarge, Fill, Shrink, Translate, Rotate, Scale, PP, QQ, RR, SS, TT, UU, XX
prog_line n; assign a1, a2;
Select a1 such that Follows(n, a2) with n = 30
2, 3, 4, 7, 8, 9, 10, 11, 13, 17, 19, 20, 21, 24, 25, 27, 28, 30, 31, 32, 35, 36, 37, 39, 40, 43, 46, 48, 49, 50, 52, 53, 56, 57, 58, 60, 61, 64, 65, 67, 68, 70, 71, 73, 74, 75, 77, 81, 82, 85, 88, 90, 91, 93, 94, 96, 98, 99, 100, 102, 104, 106, 110, 111, 112, 115, 116, 120, 121, 122, 123, 124, 125, 126, 127, 128, 129, 130, 131, 132, 133, 134, 135, 137, 138, 139, 141, 142, 145, 146, 147, 148, 149, 150, 151, 152, 153, 154, 155, 156, 157, 158, 161, 162, 164, 165, 167, 168, 169, 171, 172, 174, 175, 177, 178, 179, 182, 183, 185, 186, 188, 189, 193, 194, 197, 199, 200, 201, 202, 203, 205, 206, 207, 210, 211, 212, 213, 214, 215, 219, 220, 223, 225, 226, 228, 229, 233, 236, 238, 240, 242, 243, 244, 245, 246, 247, 248, 249, 252, 253, 254, 255, 257, 258, 260, 261, 263, 268, 269, 270, 271, 272, 273, 275, 276, 280, 282, 283, 284, 285, 288, 290, 298, 299, 300, 302, 304, 305, 306, 308, 310, 311
stmt s;
Select s such that Follows (s, 42)
41
stmt s;
Select s such that Follows* (17, s)
18, 19, 20, 21, 22, 23, 29, 34, 45, 46, 47, 54, 55, 59
assign a;
Select a such that Follows (a, 155)
154
procedure p;
Select p such that Modifies (p, "x1")
Main, Init, Transform, Shear, Move, Shrink
if ifstat;
Select ifstat such that Modifies (ifstat, "j")
14, 15, 66, 72, 80, 97, 250
variable v;
Select v such that Modifies ("Rotate", v)
height, left, right, dx, pink, green, blue, dot, edge, semi, triangle, base
stmt s1;
Select s1 such that Follows (9, s1)
10
stmt s1;
Select s1 such that Follows (s1, 15)
none
stmt s1;
Select s1 such that Follows (s1, 155)
154
assign a; prog_line n;
Select a such that Follows (a, n)
2, 3, 4, 7, 8, 9, 10, 11, 13, 17, 19, 20, 21, 24, 27, 30, 31, 32, 35, 36, 39, 40, 43, 46, 48, 49, 50, 56, 60, 61, 64, 65, 67, 68, 70, 71, 81, 82, 85, 90, 91, 93, 96, 102, 106, 110, 111, 120, 121, 122, 123, 124, 125, 126, 127, 128, 130, 132, 133, 134, 135, 137, 138, 139, 145, 147, 150, 151, 152, 153, 154, 155, 156, 157, 161, 162, 169, 182, 183, 186, 188, 193, 197, 199, 201, 210, 211, 213, 214, 219, 220, 223, 228, 229, 244, 245, 246, 247, 248, 249, 252, 255, 257, 261, 263, 270, 271, 272, 275, 283, 284, 285, 290, 298, 299, 300, 302, 306
stmt s1;
Select s1 such that Parent(s1, 7)
6
stmt s1, s2;
Select s1 such that Parent(s1, s2)
6, 12, 14, 15, 16, 23, 26, 29, 34, 38, 47, 51, 55, 59, 66, 69, 72, 76, 79, 80, 83, 86, 89, 95, 97, 101, 103, 105, 107, 109, 113, 136, 140, 143, 144, 159, 160, 163, 166, 170, 173, 176, 180, 181, 184, 187, 191, 192, 196, 198, 204, 209, 216, 217, 218, 224, 230, 234, 237, 239, 241, 250, 251, 256, 264, 265, 266, 267, 278, 279, 281, 289, 291, 301, 303, 309
prog_line n;
Select n such that Parent (51, n) 
52, 53
prog_line n;
Select n such that Parent (7, n)
none
stmt s; variable v;
Select s such that Uses (s, "left")
6, 7, 12, 14, 15, 16, 29, 30, 33, 45, 47, 49, 66, 76, 78, 105, 107, 108, 109, 113, 114, 135, 152, 153, 154, 155, 156, 157, 158
stmt s; variable v;
Select s such that Uses (s, "x3")
6, 12, 14, 15, 16, 55, 56, 66, 69, 71
stmt s; variable v;
Select s with v.varName = "x3"
1, 2, 3, 4, 5, 6, 7, 8, 9, 10, 11, 12, 13, 14, 15, 16, 17, 18, 19, 20, 21, 22, 23, 24, 25, 26, 27, 28, 29, 30, 31, 32, 33, 34, 35, 36, 37, 38, 39, 40, 41, 42, 43, 44, 45, 46, 47, 48, 49, 50, 51, 52, 53, 54, 55, 56, 57, 58, 59, 60, 61, 62, 63, 64, 65, 66, 67, 68, 69, 70, 71, 72, 73, 74, 75, 76, 77, 78, 79, 80, 81, 82, 83, 84, 85, 86, 87, 88, 89, 90, 91, 92, 93, 94, 95, 96, 97, 98, 99, 100, 101, 102, 103, 104, 105, 106, 107, 108, 109, 110, 111, 112, 113, 114, 115, 116, 117, 118, 119, 120, 121, 122, 123, 124, 125, 126, 127, 128, 129, 130, 131, 132, 133, 134, 135, 136, 137, 138, 139, 140, 141, 142, 143, 144, 145, 146, 147, 148, 149, 150, 151, 152, 153, 154, 155, 156, 157, 158, 159, 160, 161, 162, 163, 164, 165, 166, 167, 168, 169, 170, 171, 172, 173, 174, 175, 176, 177, 178, 179, 180, 181, 182, 183, 184, 185, 186, 187, 188, 189, 190, 191, 192, 193, 194, 195, 196, 197, 198, 199, 200, 201, 202, 203, 204, 205, 206, 207, 208, 209, 210, 211, 212, 213, 214, 215, 216, 217, 218, 219, 220, 221, 222, 223, 224, 225, 226, 227, 228, 229, 230, 231, 232, 233, 234, 235, 236, 237, 238, 239, 240, 241, 242, 243, 244, 245, 246, 247, 248, 249, 250, 251, 252, 253, 254, 255, 256, 257, 258, 259, 260, 261, 262, 263, 264, 265, 266, 267, 268, 269, 270, 271, 272, 273, 274, 275, 276, 277, 278, 279, 280, 281, 282, 283, 284, 285, 286, 287, 288, 289, 290, 291, 292, 293, 294, 295, 296, 297, 298, 299, 300, 301, 302, 303, 304, 305, 306, 307, 308, 309, 310, 311
prog_line n; while w;
Select n with w.stmt# = 6
1, 2, 3, 4, 5, 6, 7, 8, 9, 10, 11, 12, 13, 14, 15, 16, 17, 18, 19, 20, 21, 22, 23, 24, 25, 26, 27, 28, 29, 30, 31, 32, 33, 34, 35, 36, 37, 38, 39, 40, 41, 42, 43, 44, 45, 46, 47, 48, 49, 50, 51, 52, 53, 54, 55, 56, 57, 58, 59, 60, 61, 62, 63, 64, 65, 66, 67, 68, 69, 70, 71, 72, 73, 74, 75, 76, 77, 78, 79, 80, 81, 82, 83, 84, 85, 86, 87, 88, 89, 90, 91, 92, 93, 94, 95, 96, 97, 98, 99, 100, 101, 102, 103, 104, 105, 106, 107, 108, 109, 110, 111, 112, 113, 114, 115, 116, 117, 118, 119, 120, 121, 122, 123, 124, 125, 126, 127, 128, 129, 130, 131, 132, 133, 134, 135, 136, 137, 138, 139, 140, 141, 142, 143, 144, 145, 146, 147, 148, 149, 150, 151, 152, 153, 154, 155, 156, 157, 158, 159, 160, 161, 162, 163, 164, 165, 166, 167, 168, 169, 170, 171, 172, 173, 174, 175, 176, 177, 178, 179, 180, 181, 182, 183, 184, 185, 186, 187, 188, 189, 190, 191, 192, 193, 194, 195, 196, 197, 198, 199, 200, 201, 202, 203, 204, 205, 206, 207, 208, 209, 210, 211, 212, 213, 214, 215, 216, 217, 218, 219, 220, 221, 222, 223, 224, 225, 226, 227, 228, 229, 230, 231, 232, 233, 234, 235, 236, 237, 238, 239, 240, 241, 242, 243, 244, 245, 246, 247, 248, 249, 250, 251, 252, 253, 254, 255, 256, 257, 258, 259, 260, 261, 262, 263, 264, 265, 266, 267, 268, 269, 270, 271, 272, 273, 274, 275, 276, 277, 278, 279, 280, 281, 282, 283, 284, 285, 286, 287, 288, 289, 290, 291, 292, 293, 294, 295, 296, 297, 298, 299, 300, 301, 302, 303, 304, 305, 306, 307, 308, 309, 310, 311
procedure p;
Select p.procName with p.procName = "Random"
Random
call c; procedure p;
Select c.stmt# with c.procName = p.procName
1, 119, 5, 44, 54, 195, 274, 33, 78, 108, 45, 114, 41, 42, 63, 87, 118, 259, 190, 208, 227, 277, 18, 62, 92, 221, 222, 231, 232, 235, 22, 84, 117, 262, 293, 286, 292, 295, 297, 287, 296, 294, 307
constant c;
Select BOOLEAN with 1 = c.value
true
