stmt s;
Select s such that Follows (15, s)
none
stmt s;
Select s such that Follows (s, 69)
68
stmt s;
Select s such that Follows* (23, s)
29, 34, 45, 46, 47, 54, 55, 59
stmt s;
Select s such that Follows* (s, 116)
113
procedure p;
Select p
Main, Init, Random, Transform, Shift, Shear, Move, Draw, Clear, Show, Enlarge, Fill, Shrink, Translate, Rotate, Scale, PP, QQ, RR, SS, TT, UU, XX
prog_line n; assign a1, a2;
Select a1 such that Follows(n, a2) with n = 30
2, 3, 4, 7, 8, 9, 10, 11, 13, 17, 19, 20, 21, 24, 25, 27, 28, 30, 31, 32, 35, 36, 37, 39, 40, 43, 46, 48, 49, 50, 52, 53, 56, 57, 58, 60, 61, 64, 65, 67, 68, 70, 71, 73, 74, 75, 77, 81, 82, 85, 88, 90, 91, 93, 94, 96, 98, 99, 100, 102, 104, 106, 110, 111, 112, 115, 116, 120, 121, 122, 123, 124, 125, 126, 127, 128, 129, 130, 131, 132, 133, 134, 135, 137, 138, 139, 141, 142, 145, 146, 147, 148, 149, 150, 151, 152, 153, 154, 155, 156, 157, 158, 161, 162, 164, 165, 167, 168, 169, 171, 172, 174, 175, 177, 178, 179, 182, 183, 185, 186, 188, 189, 193, 194, 197, 199, 200, 201, 202, 203, 205, 206, 207, 210, 211, 212, 213, 214, 215, 219, 220, 223, 225, 226, 228, 229, 233, 236, 238, 240, 242, 243, 244, 245, 246, 247, 248, 249, 252, 253, 254, 255, 257, 258, 260, 261, 263, 268, 269, 270, 271, 272, 273, 275, 276, 280, 282, 283, 284, 285, 288, 290, 298, 299, 300, 302, 304, 305, 306, 308, 310, 311
